-----------------------------------------------------------------------------------------
Accuracy: 0.9736842105263158
this is the output of Naive Bayes:
[[12  0  0  0]
 [ 0 11  0  0]
 [ 0  0 14  0]
 [ 0  0  1  0]]
-----------------------------------------------------------------------------------------
Accuracy: 1.0
this is the output of Naive Bayes:
[[11  0  0  0  0]
 [ 0 19  0  0  0]
 [ 0  0  5  0  0]
 [ 0  0  0  1  0]
 [ 0  0  0  0  2]]
-----------------------------------------------------------------------------------------
Accuracy: 1.0
this is the output of Naive Bayes:
[[37  0]
 [ 0  1]]
-----------------------------------------------------------------------------------------
Accuracy: 0.8421052631578947
this is the output of Naive Bayes:
[[ 7  0  0  0  0  0  0  0  0  0  0]
 [ 0  2  0  0  0  0  0  0  0  0  0]
 [ 0  0 13  0  0  0  0  0  0  0  0]
 [ 0  0  0  5  0  0  0  0  0  0  0]
 [ 0  0  0  0  3  0  0  0  0  0  0]
 [ 0  0  0  1  0  0  0  0  0  0  0]
 [ 0  0  0  0  0  0  1  0  0  0  0]
 [ 0  0  0  1  0  0  2  0  0  0  0]
 [ 0  0  0  1  0  0  0  0  0  0  0]
 [ 0  0  0  0  0  0  1  0  0  0  0]
 [ 0  0  0  0  0  0  1  0  0  0  0]]
-----------------------------------------------------------------------------------------
Accuracy: 0.9736842105263158
this is the output of Naive Bayes:
[[11  0  0  0  0]
 [ 0 16  0  0  0]
 [ 0  0  9  0  0]
 [ 0  0  1  0  0]
 [ 0  0  1  0  0]]
-----------------------------------------------------------------------------------------
Accuracy: 1.0
this is the output of Naive Bayes:
[[18  0]
 [ 0 20]]
-----------------------------------------------------------------------------------------
Accuracy: 1.0
this is the output of Naive Bayes:
[[38]]
-----------------------------------------------------------------------------------------
Accuracy: 1.0
this is the output of Naive Bayes:
[[22  0  0  0]
 [ 0  3  0  0]
 [ 0  0  4  0]
 [ 0  0  0  9]]
-----------------------------------------------------------------------------------------
Accuracy: 0.9473684210526315
this is the output of Naive Bayes:
[[29  0  0  0  0  0  0]
 [ 0  6  0  0  0  0  0]
 [ 0  0  0  0  0  0  0]
 [ 0  0  1  0  0  0  0]
 [ 0  0  0  0  0  0  0]
 [ 0  0  1  0  0  0  0]
 [ 0  0  0  0  1  0  0]]
-----------------------------------------------------------------------------------------
Accuracy: 1.0
this is the output of Naive Bayes:
[[37  0]
 [ 0  1]]